54082,53902,197
54083,53903,197
54084,53904,197
54085,53905,220
54086,53906,220
54087,53907,220
54088,53908,220
54089,53909,220
54090,53910,220
54091,53911,220
54092,53912,220
54093,53913,220
54094,53914,220
54095,53915,220
54096,53916,220
54097,53917,220
54098,53918,220
54099,53919,220
54100,53920,220
54101,53921,220
54102,53922,220
54103,53923,220
54104,53924,220
54105,53925,220
54106,53926,220
54107,53927,220
54108,53928,220
54109,53929,220
54110,53930,220
54111,53931,220
54112,53932,220
54113,53933,220
54114,53934,220
54115,53935,220
54116,53936,220
54117,53937,220
54118,53938,220
54119,53939,220
54120,53940,220
54121,53941,220
54122,53942,220
54123,53943,220
54124,53944,220
54125,53945,220
54126,53946,220
54127,53947,220
54128,53948,220
54129,53949,220
54130,53950,220
54131,53951,220
54132,53952,220
54133,53953,220
54134,53954,220
54135,53955,220
54136,53956,220
54137,53957,220
54138,53958,193
54139,53959,193
54140,53960,193
54141,53961,193
54142,53962,193
54143,53963,193
54144,53964,193
54145,53965,193
54146,53966,193
54147,53967,193
54148,53968,193
54149,53969,193
54150,53970,193
54151,53971,193
54152,53972,193
54153,53973,193
54154,53974,193
54155,53975,193
54156,53976,193
54157,53977,193
54158,53978,193
54159,53979,193
54160,53980,193
54161,53981,193
54162,53982,193
54163,53983,193
54164,53984,193
54165,53985,193
54166,53986,193
54167,53987,193
54168,53988,193
54169,53989,193
54170,53990,193
54171,53991,193
54172,53992,193
54173,53993,193
54174,53994,193
54175,53995,193
54176,53996,193
54177,53997,193
54178,53998,193
54179,53999,193
54180,54000,193
54181,54001,193
54182,54002,193
54183,54003,193
54184,54004,193
54185,54005,193
54186,54006,193
54187,54007,193
54188,54008,193
54189,54009,193
54190,54010,193
54191,54011,193
54192,54012,193
54193,54013,193
54194,54014,193
54195,54015,194
54196,54016,194
54197,54017,194
54198,54018,194
54199,54019,194
54200,54020,194
54201,54021,194
54202,54022,194
54203,54023,194
54204,54024,194
54205,54025,194
54206,54026,194
54207,54027,194
54208,54028,194
54209,54029,194
54210,54030,194
54211,54031,194
54212,54032,194
54213,54033,194
54214,54034,194
54215,54035,194
54216,54036,194
54217,54037,194
54218,54038,194
54219,54039,194
54220,54040,194
54221,54041,194
54222,54042,194
54223,54043,194
54224,54044,194
54225,54045,194
54226,54046,194
54227,54047,194
54228,54048,194
54229,54049,194
54230,54050,194
54231,54051,194
54232,54052,194
54233,54053,194
54234,54054,194
54235,54055,194
54236,54056,194
54237,54057,194
54238,54058,194
54239,54059,194
54240,54060,194
54241,54061,194
54242,54062,194
54243,54063,194
54244,54064,194
54245,54065,194
54246,54066,194
54247,54067,194
54248,54068,198
54249,54069,198
54250,54070,198
54251,54071,198
54252,54072,198
54253,54073,198
54254,54074,198
54255,54075,198
54256,54076,198
54257,54077,198
54258,54078,198
54259,54079,198
54260,54080,198
54261,54081,198
54262,54082,198
54263,54083,198
54264,54084,198
54265,54085,198
54266,54086,198
54267,54087,198
54268,54088,198
54269,54089,198
54270,54090,198
54271,54091,198
54272,54092,198
54273,54093,198
54274,54094,198
54275,54095,198
54276,54096,198
54277,54097,198
54278,54098,198
54279,54099,198
54280,54100,198
54281,54101,198
54282,54102,198
54283,54103,198
54284,54104,198
54285,54105,198
54286,54106,198
54287,54107,198
54288,54108,198
54289,54109,198
54290,54110,198
54291,54111,198
54292,54112,198
54293,54113,198
54294,54114,198
54295,54115,198
54296,54116,198
54297,54117,198
54298,54118,198
54299,54119,198
54300,54120,198
54301,54121,198
54302,54122,198
54303,54123,198
54304,54124,198
54305,54125,198
54306,54126,198
54307,54127,198
54308,54128,220
54309,54129,220
54310,54130,220
54311,54131,220
54312,54132,220
54313,54133,220
54314,54134,220
54315,54135,220
54316,54136,220
54317,54137,220
54318,54138,220
54319,54139,220
54320,54140,220
54321,54141,220
54322,54142,220
54323,54143,220
54324,54144,220
54325,54145,220
54326,54146,220
54327,54147,220
54328,54148,220
54329,54149,220
54330,54150,220
54331,54151,220
54332,54152,220
54333,54153,220
54334,54154,220
54335,54155,220
54336,54156,220
54337,54157,220
54338,54158,220
54339,54159,220
54340,54160,220
54341,54161,220
54342,54162,220
54343,54163,220
54344,54164,220
54345,54165,220
54346,54166,220
54347,54167,220
54348,54168,220
54349,54169,220
54350,54170,220
54351,54171,220
54352,54172,220
54353,54173,220
54354,54174,220
54355,54175,220
54356,54176,220
54357,54177,220
54358,54178,220
54359,54179,220
54360,54180,220
54361,54181,220
54362,54182,220
54363,54183,220
54364,54184,220
54365,54185,220
54366,54186,220
54367,54187,220
54368,54188,220
54369,54189,220
54370,54190,220
54371,54191,220
54372,54192,220
54373,54193,220
54374,54194,220
54375,54195,220
54376,54196,220
54377,54197,220
54378,54198,220
54379,54199,220
54380,54200,220
54381,54201,220
54382,54202,220
54383,54203,220
54384,54204,220
54385,54205,220
54386,54206,220
54387,54207,220
54388,54208,220
54389,54209,220
54390,54210,220
54391,54211,220
54392,54212,220
54393,54213,220
54394,54214,220
54395,54215,220
54396,54216,220
54397,54217,220
54398,54218,220
54399,54219,220
54400,54220,220
54401,54221,220
54402,54222,220
54403,54223,220
54404,54224,220
54405,54225,220
54406,54226,220
54407,54227,220
54408,54228,220
54409,54229,220
54410,54230,220
54411,54231,220
54412,54232,220
54413,54233,220
54414,54234,220
54415,54235,220
54416,54236,220
54417,54237,195
54418,54238,195
54419,54239,195
54420,54240,195
54421,54241,195
54422,54242,195
54423,54243,195
54424,54244,195
54425,54245,195
54426,54246,195
54427,54247,195
54428,54248,195
54429,54249,195
54430,54250,195
54431,54251,195
54432,54252,195
54433,54253,195
54434,54254,195
54435,54255,195
54436,54256,195
54437,54257,195
54438,54258,195
54439,54259,195
54440,54260,195
54441,54261,195
54442,54262,195
54443,54263,195
54444,54264,195
54445,54265,195
54446,54266,195
54447,54267,195
54448,54268,195
54449,54269,195
54450,54270,195
54451,54271,195
54452,54272,195
54453,54273,195
54454,54274,195
54455,54275,195
54456,54276,195
54457,54277,195
54458,54278,195
54459,54279,195
54460,54280,195
54461,54281,195
54462,54282,195
54463,54283,195
54464,54284,195
54465,54285,195
54466,54286,195
54467,54287,195
54468,54288,195
54469,54289,195
54470,54290,195
54471,54291,195
54472,54292,195
54473,54293,195
54474,54294,195
54475,54295,195
54476,54296,199
54477,54297,199
54478,54298,199
54479,54299,199
54480,54300,199
54481,54301,199
54482,54302,199
54483,54303,199
54484,54304,199
54485,54305,199
54486,54306,199
54487,54307,199
54488,54308,199
54489,54309,199
54490,54310,199
54491,54311,199
54492,54312,199
54493,54313,199
54494,54314,199
54495,54315,199
54496,54316,199
54497,54317,199
54498,54318,199
54499,54319,199
54500,54320,199
54501,54321,199
54502,54322,199
54503,54323,199
54504,54324,199
54505,54325,199
54506,54326,199
54507,54327,199
54508,54328,199
54509,54329,199
54510,54330,199
54511,54331,199
54512,54332,199
54513,54333,199
54514,54334,199
54515,54335,199
54516,54336,199
54517,54337,199
54518,54338,199
54519,54339,199
54520,54340,199
54521,54341,199
54522,54342,199
54523,54343,199
54524,54344,199
54525,54345,199
54526,54346,200
54527,54347,200
54528,54348,200
54529,54349,200
54530,54350,200
54531,54351,200
54532,54352,200
54533,54353,200
54534,54354,200
54535,54355,200
54536,54356,200
54537,54357,200
54538,54358,200
54539,54359,200
54540,54360,200
54541,54361,200
54542,54362,200
54543,54363,200
54544,54364,200
54545,54365,200
54546,54366,200
54547,54367,200
54548,54368,200
54549,54369,200
54550,54370,200
54551,54371,200
54552,54372,200
54553,54373,200
54554,54374,200
54555,54375,200
54556,54376,200
54557,54377,200
54558,54378,200
54559,54379,200
54560,54380,200
54561,54381,200
54562,54382,200
54563,54383,200
54564,54384,200
54565,54385,200
54566,54386,200
54567,54387,200
54568,54388,200
54569,54389,200
54570,54390,200
54571,54391,200
54572,54392,200
54573,54393,200
54574,54394,200
54575,54395,200
54576,54396,200
54577,54397,200
54578,54398,200
54579,54399,200
54580,54400,200
54581,54401,200
54582,54402,200
54583,54403,201
54584,54404,201
54585,54405,201
54586,54406,201
54587,54407,201
54588,54408,201
54589,54409,201
54590,54410,201
54591,54411,201
54592,54412,201
54593,54413,201
54594,54414,201
54595,54415,201
54596,54416,201
54597,54417,201
54598,54418,201
54599,54419,201
54600,54420,201
54601,54421,201
54602,54422,201
54603,54423,201
54604,54424,201
54605,54425,201
54606,54426,201
54607,54427,201
54608,54428,201
54609,54429,201
54610,54430,201
54611,54431,201
54612,54432,201
54613,54433,201
54614,54434,201
54615,54435,201
54616,54436,201
54617,54437,201
54618,54438,201
54619,54439,201
54620,54440,201
54621,54441,201
54622,54442,201
54623,54443,201
54624,54444,201
54625,54445,201
54626,54446,201
54627,54447,201
54628,54448,201
54629,54449,201
54630,54450,201
54631,54451,201
54632,54452,201
54633,54453,201
54634,54454,201
54635,54455,201
54636,54456,201
54637,54457,201
54638,54458,196
54639,54459,196
54640,54460,196
54641,54461,196
54642,54462,196
54643,54463,196
54644,54464,196
54645,54465,196
54646,54466,196
54647,54467,196
54648,54468,196
54649,54469,196
54650,54470,196
54651,54471,196
54652,54472,196
54653,54473,196
54654,54474,196
54655,54475,196
54656,54476,196
54657,54477,196
54658,54478,196
54659,54479,196
54660,54480,196
54661,54481,196
54662,54482,196
54663,54483,196
54664,54484,196
54665,54485,196
54666,54486,196
54667,54487,196
54668,54488,196
54669,54489,208
54670,54490,208
54671,54491,208
54672,54492,208
54673,54493,208
54674,54494,208
54675,54495,208
54676,54496,208
54677,54497,208
54678,54498,208
54679,54499,208
54680,54500,208
54681,54501,208
54682,54502,208
54683,54503,208
54684,54504,208
54685,54505,208
54686,54506,208
54687,54507,208
54688,54508,208
54689,54509,208
54690,54510,208
54691,54511,208
54692,54512,208
54693,54513,208
54694,54514,208
54695,54515,208
54696,54516,208
54697,54517,208
54698,54518,208
54699,54519,208
54700,54520,208
54702,54522,222
54703,54523,222
54704,54524,222
54705,54525,222
54706,54526,222
54707,54527,222
54708,54528,222
54709,54529,222
54710,54530,222
54711,54531,222
54712,54532,222
54713,54533,222
55264,55081,203
55265,55082,203
55266,55083,204
55267,55084,204
55268,55085,204
55269,55086,204
55270,55087,204
55271,55088,204
55272,55089,204
55273,55090,204
55274,55091,204
55275,55092,204
55276,55093,204
55277,55094,204
55278,55095,204
55279,55096,204
55280,55097,204
55281,55098,204
55282,55099,204
55283,55100,220
55284,55101,220
55285,55102,220
55286,55103,220
55287,55104,220
55288,55105,220
55289,55106,220
55290,55107,220
55291,55108,220
55292,55109,220
55293,55110,220
55294,55111,220
55295,55112,220
55296,55113,220
55297,55114,220
55298,55115,220
55299,55116,220
55300,55117,220
55301,55118,220
55302,55119,220
55303,55120,220
55304,55121,220
55305,55122,220
55306,55123,220
55307,55124,220
55308,55125,220
55309,55126,220
55310,55127,220
55311,55128,220
55312,55129,220
55313,55130,220
55314,55131,220
55315,55132,220
55316,55133,220
55317,55134,220
55318,55135,220
55319,55136,220
55320,55137,220
55321,55138,220
55322,55139,220
55323,55140,220
55324,55141,220
55325,55142,220
55326,55143,220
55327,55144,220
55328,55145,220
55329,55146,220
55330,55147,220
55331,55148,220
55332,55149,220
55333,55150,220
55334,55151,220
55335,55152,228
55336,55153,228
55337,55154,228
55338,55155,228
55339,55156,228
55340,55157,228
55341,55158,228
55342,55159,228
55343,55160,228
55344,55161,228
55345,55162,228
55346,55163,228
55347,55164,228
55348,55165,228
55349,55166,228
55350,55167,228
55351,55168,228
55352,55169,228
55353,55170,228
55354,55171,228
55355,55172,228
55356,55173,228
55357,55174,228
55358,55175,228
55359,55176,228
55360,55177,228
55361,55178,228
55362,55179,228
55363,55180,228
55364,55181,228
55365,55182,228
55366,55183,228
55367,55184,228
55368,55185,228
55369,55186,228
55370,55187,228
55371,55188,228
55372,55189,228
55373,55190,228
55374,55191,228
55375,55192,228
55376,55193,228
55377,55194,228
55378,55195,228
55379,55196,228
55380,55197,228
55381,55198,228
55382,55199,228
55383,55200,228
55384,55201,228
55385,55202,228
55386,55203,228
55387,55204,228
55388,55205,228
55389,55206,205
55390,55207,205
55391,55208,205
55392,55209,205
55393,55210,205
55394,55211,205
55395,55212,205
55396,55213,205
55397,55214,205
55398,55215,205
55399,55216,205
55400,55217,205
55401,55218,205
55402,55219,205
55403,55220,205
55404,55221,205
55405,55222,205
55406,55223,205
55407,55224,205
55408,55225,205
55409,55226,205
55410,55227,205
55411,55228,205
55412,55229,205
55413,55230,205
55414,55231,205
55415,55232,205
55416,55233,205
55417,55234,220
54715,54535,222
54716,54536,222
54717,54537,222
54718,54538,222
54719,54539,222
54720,54540,222
54721,54541,222
54722,54542,222
55418,55235,220
54724,54544,223
54725,54545,223
54726,54546,223
54727,54547,223
54728,54548,223
54729,54549,223
54730,54550,223
54731,54551,223
54732,54552,223
54733,54553,223
54734,54554,223
54735,54555,223
54736,54556,223
54737,54557,223
54738,54558,223
54739,54559,223
54740,54560,223
54741,54561,223
54742,54562,223
54743,54563,223
54744,54564,223
54745,54565,223
54746,54566,223
54747,54567,223
54748,54568,223
54749,54569,223
54750,54570,223
54751,54571,223
54752,54572,223
54753,54573,223
54754,54574,223
54755,54575,223
54756,54576,223
54757,54577,223
54758,54578,223
54759,54579,223
54760,54580,223
54761,54581,223
54762,54582,223
54763,54583,223
54764,54584,223
54765,54585,223
54766,54586,223
54767,54587,223
54768,54588,223
54769,54589,223
54770,54590,223
54771,54591,223
54772,54592,223
54773,54593,223
54774,54594,223
54775,54595,223
54776,54596,223
54777,54597,223
54778,54598,223
54779,54599,223
54780,54600,223
54781,54601,223
54782,54602,224
54783,54603,224
54784,54604,224
54785,54605,224
54786,54606,224
54787,54607,224
54788,54608,224
54789,54609,224
54790,54610,224
54791,54611,224
54792,54612,224
54793,54613,224
54794,54543,224
54795,54614,224
54796,54615,224
54797,54616,224
54798,54617,224
54799,54618,224
54800,54619,224
54801,54534,224
54802,54620,224
54803,54621,224
54804,54622,224
54805,54623,224
54806,54624,224
54807,54625,224
54808,54626,224
54809,54627,224
54810,54521,224
54811,54628,224
54812,54629,224
54813,54630,224
54814,54631,224
54815,54632,224
54816,54633,224
54817,54634,224
54818,54635,224
54819,54636,224
54820,54637,224
54821,54638,224
54822,54639,224
54823,54640,224
54824,54641,224
54825,54642,224
54826,54643,224
54827,54644,224
54828,54645,225
54829,54646,202
54830,54647,202
54831,54648,202
54832,54649,202
54833,54650,202
54834,54651,202
54835,54652,202
54836,54653,202
54837,54654,220
54838,54655,220
54839,54656,220
54840,54657,220
54841,54658,220
54842,54659,220
54843,54660,220
54844,54661,220
54845,54662,220
54846,54663,220
54847,54664,220
54848,54665,220
54849,54666,220
54850,54667,220
54851,54668,220
54852,54669,220
54853,54670,220
54854,54671,220
54855,54672,220
54856,54673,220
54857,54674,220
54858,54675,220
54859,54676,220
54860,54677,220
54861,54678,220
54862,54679,220
54863,54680,220
54864,54681,220
54865,54682,220
54866,54683,220
54867,54684,220
54868,54685,220
54869,54686,220
54870,54687,220
54871,54688,220
54872,54689,220
54873,54690,220
54874,54691,220
54875,54692,220
54876,54693,220
54877,54694,220
54878,54695,220
54879,54696,220
54880,54697,220
54881,54698,220
54882,54699,220
54883,54700,220
54884,54701,220
54885,54702,220
54886,54703,220
54887,54704,213
54888,54705,213
54889,54706,213
54890,54707,213
54891,54708,213
54892,54709,213
54894,54711,213
54895,54712,213
54896,54713,213
54897,54714,213
54898,54715,213
54900,54717,213
54901,54718,213
54902,54719,213
54903,54720,213
54904,54721,213
54905,54722,213
54906,54723,213
54907,54724,213
54908,54725,213
54909,54726,213
54910,54727,213
54911,54728,213
54912,54729,213
54913,54730,213
54914,54731,213
54915,54732,213
54916,54733,213
54917,54734,213
54918,54735,213
54919,54736,213
54920,54737,213
54921,54738,213
54922,54739,213
54923,54740,213
54924,54741,213
54925,54742,213
54926,54743,213
54927,54744,213
54928,54745,213
54929,54746,213
54930,54747,213
54931,54748,213
54932,54749,213
54933,54750,213
54934,54751,213
54935,54752,213
54936,54753,213
54937,54754,213
54938,54755,213
54939,54756,213
54940,54757,213
54941,54758,213
54942,54759,213
54943,54760,213
54944,54761,213
54945,54762,220
54946,54763,220
54947,54764,220
54948,54765,220
54949,54766,220
54950,54767,220
54951,54768,220
54952,54769,220
54953,54770,220
54954,54771,220
54955,54772,220
54956,54773,220
54957,54774,220
54958,54775,220
54959,54776,220
54960,54777,220
54961,54778,220
54962,54779,220
54963,54780,220
54964,54781,220
54965,54782,220
54966,54783,220
54967,54784,220
54968,54785,220
54969,54786,220
54970,54787,220
54971,54788,220
54972,54789,220
54973,54790,220
54974,54791,220
54975,54792,220
54976,54793,220
54977,54794,220
54978,54795,220
54979,54796,220
54980,54797,220
54981,54798,220
54982,54799,220
54983,54800,220
54984,54801,220
54985,54802,220
54986,54803,220
54987,54804,220
54988,54805,220
54989,54806,220
54990,54807,220
54991,54808,220
54992,54809,220
54993,54810,220
54994,54811,220
54995,54812,220
54996,54813,220
54997,54814,226
54998,54815,226
54999,54816,226
55000,54817,226
55001,54818,226
55002,54819,226
55003,54820,226
55004,54821,226
55005,54822,226
55006,54823,226
55007,54824,226
55008,54825,220
55009,54826,220
55010,54827,220
55011,54828,220
55012,54829,220
55013,54830,220
55014,54831,220
55015,54832,220
55016,54833,220
55017,54834,220
55018,54835,220
55019,54836,220
55020,54837,220
55021,54838,220
55022,54839,220
55023,54840,220
55024,54841,220
55025,54842,220
55026,54843,220
55027,54844,220
55028,54845,220
55029,54846,220
55030,54847,220
55031,54848,220
55032,54849,220
55033,54850,220
55034,54851,220
55035,54852,220
55036,54853,220
55037,54854,220
55038,54855,220
55039,54856,220
55040,54857,220
55041,54858,220
55042,54859,220
55043,54860,220
55044,54861,220
55045,54862,220
55046,54863,220
55047,54864,220
55048,54865,220
55049,54866,220
55050,54867,220
55051,54868,220
55052,54869,220
55053,54870,220
55054,54871,220
55055,54872,220
55056,54873,220
55057,54874,220
55058,54875,220
55059,54876,220
55060,54877,220
55061,54878,220
55062,54879,220
55063,54880,220
55064,54881,220
55065,54882,220
55066,54883,220
55067,54884,220
55068,54885,220
55069,54886,220
55070,54887,220
55071,54888,220
55072,54889,220
55073,54890,220
55074,54891,220
55075,54892,220
55076,54893,220
55077,54894,220
55078,54895,220
55079,54896,220
55080,54897,220
55081,54898,220
55082,54899,220
55083,54900,220
55084,54901,220
55085,54902,220
55086,54903,220
55087,54904,220
55088,54905,220
55089,54906,220
55090,54907,220
55091,54908,220
55092,54909,220
55093,54910,220
55094,54911,220
55095,54912,220
55096,54913,220
55097,54914,220
55098,54915,220
55099,54916,220
55100,54917,220
55101,54918,227
55102,54919,227
55103,54920,227
55104,54921,227
55105,54922,227
55106,54923,227
55107,54924,227
55108,54925,227
55109,54926,227
55110,54927,227
55111,54928,227
55112,54929,227
55113,54930,227
55114,54931,227
55115,54932,227
55116,54933,227
55117,54934,227
55118,54935,227
55119,54936,227
55120,54937,227
55121,54938,227
55122,54939,227
55123,54940,227
55124,54941,227
55125,54942,227
55126,54943,227
55127,54944,227
55128,54945,227
55129,54946,227
55130,54947,227
55131,54948,227
55132,54949,227
55133,54950,227
55134,54951,227
55135,54952,227
55136,54953,227
55137,54954,227
55138,54955,227
55139,54956,227
55140,54957,227
55141,54958,227
55142,54959,227
55143,54960,227
55144,54961,227
55145,54962,227
55146,54963,227
55147,54964,227
55148,54965,227
55149,54966,227
55150,54967,227
55151,54968,227
55152,54969,227
55153,54970,220
55154,54971,220
55155,54972,220
55156,54973,220
55157,54974,220
55158,54975,220
55159,54976,220
55160,54977,220
55161,54978,220
55162,54979,220
55163,54980,220
55164,54981,220
55165,54982,220
55166,54983,220
55167,54984,220
55168,54985,220
55169,54986,220
55170,54987,220
55171,54988,220
55172,54989,220
55173,54990,220
55174,54991,220
55175,54992,220
55176,54993,220
55177,54994,220
55178,54995,220
55179,54996,220
55180,54997,220
55181,54998,220
55182,54999,220
55183,55000,220
55184,55001,220
55185,55002,220
55186,55003,220
55187,55004,220
55188,55005,220
55189,55006,220
55190,55007,220
55191,55008,220
55192,55009,220
55193,55010,220
55194,55011,220
55195,55012,220
55196,55013,220
55197,55014,220
55198,55015,220
55199,55016,220
55200,55017,220
55201,55018,220
55202,55019,220
55203,55020,220
55204,55021,220
55205,55022,220
55206,55023,220
55207,55024,203
55208,55025,203
55209,55026,203
55210,55027,203
55211,55028,203
55212,55029,203
55213,55030,203
55214,55031,203
55215,55032,203
55216,55033,203
55217,55034,203
55218,55035,203
55219,55036,203
55220,55037,203
55221,55038,203
55222,55039,203
55223,55040,203
55224,55041,203
55225,55042,203
55226,55043,203
55227,55044,203
55228,55045,203
55229,55046,203
55230,55047,203
55231,55048,203
55232,55049,203
55233,55050,203
55234,55051,203
55235,55052,203
55236,55053,203
55237,55054,203
55238,55055,203
55239,55056,203
55240,55057,203
55241,55058,203
55242,55059,203
55243,55060,203
55244,55061,203
55245,55062,203
55246,55063,203
55247,55064,203
55248,55065,203
55249,55066,203
55250,55067,203
55251,55068,203
55252,55069,203
55253,55070,203
55254,55071,203
55255,55072,203
55256,55073,203
55257,55074,203
55258,55075,203
55259,55076,203
55260,55077,203
55261,55078,203
55262,55079,203
55263,55080,203
55419,55236,220
55420,55237,220
55421,55238,220
55422,55239,220
55423,55240,220
55424,55241,220
55425,55242,220
55426,55243,220
55427,55244,220
55428,55245,220
55429,55246,220
55430,55247,220
55431,55248,220
55432,55249,220
55433,55250,220
55434,55251,220
55435,55252,220
55436,55253,220
55437,55254,220
55438,55255,220
55439,55256,220
55440,55257,220
55441,55258,220
55442,55259,220
55443,55260,220
55444,55261,220
55445,55262,220
55446,55263,220
55447,55264,220
55448,55265,220
55449,55266,220
55450,55267,220
55451,55268,220
55452,55269,220
55453,55270,220
55454,55271,220
55455,55272,220
55456,55273,220
55457,55274,220
55458,55275,220
55459,55276,220
55460,55277,220
55461,55278,220
55462,55279,220
55463,55280,219
55464,55281,219
55465,55282,219
55466,55283,219
55467,55284,219
55468,55285,219
55469,55286,219
55470,55287,219
55471,55288,219
55472,55289,219
55473,55290,219
55474,55291,219
55475,55292,219
55476,55293,219
55477,55294,219
55478,55295,219
55479,55296,219
55480,55297,219
55481,55298,219
55482,55299,219
55483,55300,219
55484,55301,219
55485,55302,219
55486,55303,219
55487,55304,219
55488,55305,219
55489,55306,219
55490,55307,219
55491,55308,219
55492,55309,219
55493,55310,219
55494,55311,219
55495,55312,219
55496,55313,219
55497,55314,219
55498,55315,219
55499,55316,219
55500,55317,219
55501,55318,219
55502,55319,219
55503,55320,219
55504,55321,219
55505,55322,219
55506,55323,219
55507,55324,219
55508,55325,219
55509,55326,219
55510,55327,219
55511,55328,219
55512,55329,219
55513,55330,219
55514,55331,219
55515,55332,219
55516,55333,219
55517,55334,219
55518,55335,219
55519,55336,229
55520,55337,229
55521,55338,229
55522,55339,229
55523,55340,229
55524,55341,229
55525,55342,229
55526,55343,229
55527,55344,229
55528,55345,229
55529,55346,229
55530,55347,229
55531,55348,229
55532,55349,229
55533,55350,229
55534,55351,229
55535,55352,229
55536,55353,229
55537,55354,229
55538,55355,229
55539,55356,229
55540,55357,229
55541,55358,229
55542,55359,229
55543,55360,229
55544,55361,229
55545,55362,229
55546,55363,229
55547,55364,229
55548,55365,229
55549,55366,229
55550,55367,229
55551,55368,229
55552,55369,229
55553,55370,229
55554,55371,229
55555,55372,229
55556,55373,229
55557,55374,229
55558,55375,229
55559,55376,229
55560,55377,229
55561,55378,220
55562,55379,220
55563,55380,220
55564,55381,220
55565,55382,220
55566,55383,220
55567,55384,220
55568,55385,220
55569,55386,220
55570,55387,220
55571,55388,220
55572,55389,220
55573,55390,220
55574,55391,220
55575,55392,220
55576,55393,220
55577,55394,220
55578,55395,220
55579,55396,220
55580,55397,220
55581,55398,220
55582,55399,220
55583,55400,220
55584,55401,220
55585,55402,220
55586,55403,220
55587,55404,220
55588,55405,220
55589,55406,220
55590,55407,220
55591,55408,220
55592,55409,220
55593,54710,220
55594,55410,220
55595,55411,220
55596,55412,220
55597,55413,220
55598,55414,220
55599,55415,220
55600,55416,220
55601,55417,220
55602,54716,220
55603,55418,220
55604,55419,220
55605,55420,220
55606,55421,221
55607,55422,221
55608,55423,221
55609,55424,221
55610,55425,221
55611,55426,221
55612,55427,221
55613,55428,221
55614,55429,221
55615,55430,221
55616,55431,221
55617,55432,221
55618,55433,221
55619,55434,221
55620,55435,221
55621,55436,221
55622,55437,221
55623,55438,221
55624,55439,221
55625,55440,221
55626,55441,221
55627,55442,221
55628,55443,221
55629,55444,221
55630,55445,221
55631,55446,221
55632,55447,221
55633,55448,221
55634,55449,221
55635,55450,221
55636,55451,221
55637,55452,221
55638,55453,221
55639,55454,221
55640,55455,221
55641,55456,221
55642,55457,221
55643,55458,221
55644,55459,221
55645,55460,221
55646,55461,221
55647,55462,221
55648,55463,221
55649,55464,221
55650,55465,221
55651,55466,221
55652,55467,221
55653,55468,221
55654,55469,221
55655,55470,221
55656,55471,221
55657,55472,221
55658,55473,221
55659,55474,221
55660,55475,221
55661,55476,221
55662,55477,221
55663,55478,221
55664,55479,221
55665,55480,221
55666,55481,230
55667,55482,230
55668,55483,230
55669,55484,230
55670,55485,230
55671,55486,230
55672,55487,230
55673,55488,230
55674,55489,230
55675,55490,230
55676,55491,230
55677,55492,230
55678,55493,230
55679,55494,230
55680,55495,230
55681,55496,230
55682,55497,230
55683,55498,230
55684,55499,230
55685,55500,230
55686,55501,230
55687,55502,230
55688,55503,230
55689,55504,230
55690,55505,230
55691,55506,230
55692,55507,230
55693,55508,230
55694,55509,230
55695,55510,230
55696,55511,230
55697,55512,230
55698,55513,230
55699,55514,230
55700,55515,230
55701,55516,230
55702,55517,230
55703,55518,230
55704,55519,230
55705,55520,230
55706,55521,230
55707,55522,230
55708,55523,230
55709,55524,230
55710,55525,230
55711,55526,230
55712,55527,230
55713,55528,230
55714,55529,230
55715,55530,230
55716,55531,230
55717,55532,230
55718,55533,230
55719,55534,230
55720,55535,230
55721,55536,230
55722,55537,230
55723,55538,230
55724,55539,230
54028,53848,197
54029,53849,197
54030,53850,197
54031,53851,197
54032,53852,197
54033,53853,197
54034,53854,197
54035,53855,197
54036,53856,197
54037,53857,197
54038,53858,197
54039,53859,197
54040,53860,197
54041,53861,197
54042,53862,197
54043,53863,197
54044,53864,197
54045,53865,197
54046,53866,197
54047,53867,197
54048,53868,197
54049,53869,197
54050,53870,197
54051,53871,197
54052,53872,197
54053,53873,197
54054,53874,197
54055,53875,197
54056,53876,197
54057,53877,197
54058,53878,197
54059,53879,197
54060,53880,197
54061,53881,197
54062,53882,197
54063,53883,197
54064,53884,197
54065,53885,197
54066,53886,197
54067,53887,197
54068,53888,197
54069,53889,197
54070,53890,197
54071,53891,197
54072,53892,197
54073,53893,197
54074,53894,197
54075,53895,197
54076,53896,197
54077,53897,197
54078,53898,197
54079,53899,197
54080,53900,197
54081,53901,197
